1111111111111111111111111
1111111111111111111111111
1111111111111111111111111
1111111111111111111111111
1111111111111111111111111
1111100000111110000011111
1111100000111110000011111
1111100000111110000011111
1111100000111110000011111
1111100000111110000011111
1111111111111111111111111
1111111111111111111111111
1111111111111111111111111
1111111111111111111111111
1111111111111111111111111
1111100000111110000011111
1111100000111110000011111
1111100000111110000011111
1111100000111110000011111
1111100000111110000011111
1111111111111111111111111
1111111111111111111111111
1111111111111111111111111
1111111111111111111111111
1111111111111111111111111